0.5482409753662825 0.130463525005105 0.1911188582964798 0.13017664133213286
0.6131145535963591 0.06609445836789572 0.13549914212235292 0.18529184591339232
0.6486191610592164 0.12590626780397518 0.09818439394430811 0.12729017719250033
0.5235647673454114 0.10456940323334953 0.1626244371893319 0.20924139223190732
0.6511490548821829 0.09875107201232783 0.1231425152775956 0.12695735782789364
0.6390287898011959 0.11591964760506986 0.13484955386196773 0.11020200873176654
0.5204857684158385 0.1936049995526081 0.18125300984126952 0.10465622219028388
0.5146742388196939 0.197186020630229 0.1467647137679212 0.14137502678215588
0.6091390510961151 0.09240660688306852 0.17667747138310472 0.12177687063771166
0.627793010210509 0.168629323895025 0.14356326522490728 0.060014400669558585
0.683545207300952 0.1319425415735285 0.07758721566519411 0.1069250354603253
0.5858336301285274 0.09865024600194568 0.1514649464932651 0.16405117737626185
0.5774980244890606 0.09438167327466591 0.11588918924200534 0.21223111299426808
0.5664935893552417 0.11525788963743158 0.18963145558320002 0.1286170654241267
0.5868496967927896 0.14735210229211165 0.13457488681754662 0.13122331409755192
0.6088182089372988 0.1340986740950667 0.11546849075466319 0.14161462621297138
0.6419640971238636 0.13599123454956308 0.1306696815486461 0.09137498677792721
0.6929907091883258 0.1046157018645936 0.12712236554033768 0.0752712234067428
0.6460888444364811 0.10890081506203943 0.08373178723247124 0.16127855326900814
0.6194834518877954 0.12010931580737892 0.1345016350861285 0.12590559721869718
0.7395645421491668 0.07447134900852674 0.11671978246724776 0.06924432637505884
0.6306941619735161 0.11681036943645781 0.17474434828604582 0.07775112030398028
0.6206502753266918 0.09761553458012054 0.14380428832426825 0.13792990176891948
0.5345192224725174 0.1726730029677945 0.21637368290185457 0.07643409165783352
0.6578944906907972 0.09189809005044133 0.13644798044195022 0.11375943881681137
0.7097674127794221 0.13795766648387608 0.10500003418654721 0.04727488655015454
0.6168707699954418 0.07045652121117442 0.1576425487114702 0.1550301600819137
0.6224078282713731 0.15638328848515762 0.1797593963697423 0.04144948687372701
0.51858379674337 0.10716305685185185 0.1102562274323664 0.2639969189724118
0.6211386844265131 0.07098032435421882 0.1797950512116327 0.12808594000763537
0.6812441305946422 0.10761446442186726 0.07660059101146828 0.13454081397202225
0.6203812232916612 0.1402369422278495 0.14061152199832722 0.0987703124821619
0.64118242976625 0.13919903596714492 0.10504380291493387 0.1145747313516712
0.7520108714371968 0.09841989650670283 0.1077373693475173 0.04183186270858302
0.6026974425083865 0.14365827581463997 0.1407999985390225 0.11284428313795097
0.6054939314543599 0.1610415967437459 0.13443977477305358 0.09902469702884052
0.5711675962452762 0.11384910884142248 0.1718454020411401 0.14313789287216136
0.5868101804961319 0.104416622184888 0.14742543329772845 0.1613477640212517
0.6199162115488692 0.13552975984979887 0.11978877630618001 0.12476525229515185
0.6302538719549766 0.10086760349399641 0.16544531082830638 0.10343321372272067
0.6425310230019657 0.11084715612226637 0.10135921183998847 0.14526260903577928
0.6057834470316831 0.12341034097598104 0.18210627703320126 0.0886999349591345
0.6240707320231288 0.18279086061411318 0.13758488080411352 0.05555352655864451
0.6248118201508414 0.11158828037990344 0.15453977689057463 0.10906012257868059
0.6592842990394585 0.07563093240164633 0.15753603888446935 0.10754872967442586
0.6482951822682897 0.12329308494281492 0.09163128814870229 0.13678044464019312
0.622461112597015 0.14697123556831151 0.12533249022780285 0.10523516160687066
0.620165725711582 0.14420134530670375 0.14021443379398715 0.09541849518772705
0.6129581724179791 0.10661399271603075 0.1420036941543805 0.1384241407116097
0.6312652370151489 0.11497552852749741 0.14887897398599353 0.10488026047136008
0.6414225471026689 0.12929762562629976 0.10515584694513352 0.12412398032589782
0.614497712323865 0.09171892470341504 0.16531366315235974 0.1284696998203604
0.6532490261338786 0.12798670733671508 0.12312556905510043 0.095638697474306
0.5861838026855046 0.11305488826631717 0.14872117702788548 0.15204013202029273
0.6391870107766847 0.153529589559765 0.09554069913528239 0.11174270052826776
0.6818499630364385 0.09999629750445616 0.09382290899979807 0.12433083045930717
0.5802671107612988 0.137760541802385 0.14916067454472925 0.13281167289158716
0.6522778796357878 0.13334717591888154 0.11899389952660368 0.09538104491872702
0.6360551940905821 0.11885128924374781 0.0636845643178316 0.18140895234783846
0.7015351401026317 0.11613649061866307 0.07368059230432407 0.10864777697438102
0.7348226093503808 0.06075144902855232 0.04247446781543472 0.1619514738056322
0.6323996590328325 0.13016867145317143 0.13781330054350482 0.09961836897049114
0.6459772795007865 0.09804821421514563 0.1677025963628992 0.08827190992116861
0.6669916828604593 0.09381315251603028 0.14326258278092835 0.09593258184258203
0.6132301868745361 0.0636547597043983 0.11008366260863602 0.21303139081242964
0.6915377281542654 0.0862511766033359 0.10370227077973913 0.11850882446265949
0.6099016001219628 0.20396984973395513 0.09980802750647545 0.08632052263760658
0.7166756137439466 0.07487795933205911 0.09928643124115127 0.10915999568284286
0.6022104089055614 0.12082926894799043 0.18054844762268205 0.09641187452376605
0.6124727437666493 0.1443000682229744 0.08465421252891007 0.15857297548146612
0.6203093260217325 0.09531843812628071 0.1648234343853554 0.11954880146663142
0.6294106385757333 0.16710481718719492 0.08901677165539354 0.11446777258167817
0.5937863874851422 0.11736754546234998 0.1598267449844808 0.12901932206802696
0.662398851095078 0.1336891423737949 0.098837658747315 0.10507434778381204
0.7050187498256117 0.11901546202923556 0.0805191885622993 0.0954465995828535
0.6218905240571262 0.10403570837823865 0.16600369088614256 0.10807007667849242
0.5702589236262685 0.16381026031937038 0.12302873924449617 0.14290207680986491
0.58485756695184 0.18391581097106066 0.12641483193747774 0.10481179013962165
0.6893430354237796 0.07650414262073717 0.14569582502307116 0.08845699693241216
0.5776328350958002 0.12242003985336701 0.11988245746233618 0.18006466758849668
0.5942160574784181 0.08182911791267579 0.1735915484808944 0.15036327612801165
0.642899709338237 0.14639383880780774 0.11121753674427479 0.09948891510968041
0.596155035726883 0.13964103076105197 0.14025266556729638 0.12395126794476868
0.6650124432324872 0.12272274830796161 0.11773078226645682 0.09453402619309446
0.6264815131487256 0.10245494301918735 0.10879239589589702 0.16227114793619013
0.6539755235872834 0.11075786974583 0.14205834514423119 0.0932082615226554
0.6364822789341921 0.09524582823070109 0.11915050721608654 0.14912138561902036
0.5982826527480706 0.16992621928014154 0.13251642538988084 0.09927470258190693
0.612819551701729 0.13271229865187986 0.09242206061502968 0.1620460890313614
0.5112100412551865 0.12206356528625628 0.26076635162619405 0.1059600418323631
0.6081417660588637 0.09992207647810043 0.130036080493681 0.1619000769693549
0.6500471029971026 0.11123328476894029 0.10762341949965881 0.1310961927342982
0.6912839975587468 0.08933724578680939 0.12320038964299324 0.09617836701145063
0.6886270179699409 0.08943064803637997 0.07829765141786622 0.14364468257581295
0.6680492782953537 0.08891761399802238 0.09777814034832162 0.14525496735830226
0.6534628232351543 0.11061819959363653 0.11560678225025876 0.12031219492095048
0.6543905965372998 0.15894256830613013 0.08542679649397017 0.10124003866260001
0.573846169288523 0.14399562671652638 0.1562720980814207 0.12588610591353006
0.5914734373353613 0.13548106158632295 0.12663959705113656 0.14640590402717935
0.661575764097012 0.14340612213144988 0.09087159836626015 0.10414651540527796
0.14347470687415395 0.6116495087534478 0.09488753901022132 0.1499882453621768
0.1175338849754624 0.6724618352433165 0.07881905520750937 0.13118522457371182
0.11540644710839042 0.649229898477218 0.10596338288420926 0.1294002715301822
0.120230007629852 0.6535149297785225 0.14291409296886956 0.08334096962275593
0.07788656699082815 0.6655983801748848 0.1393908942822076 0.11712415855207937
0.13692010989871672 0.5788992821969428 0.09354523527390378 0.19063537263043673
0.09273277397586113 0.680323052597384 0.14727996607831204 0.07966420734844264
0.10586346421175873 0.7259395100901379 0.07536324096232315 0.0928337847357803
0.1225458933625976 0.577117732991743 0.12798862931489713 0.17234774433076236
0.06131215335364639 0.6238163994240887 0.18190691862706293 0.13296452859520183
0.12341485535166337 0.5294446045582251 0.11457810104437398 0.23256243904573767
0.17957467783305087 0.6392339771204832 0.11412709892526528 0.06706424612120059
0.15740839827868144 0.5877752017205795 0.09449968568899834 0.16031671431174074
0.14724341359540427 0.6289234745010677 0.12323153680580928 0.10060157509771869
0.15742997403476036 0.5329097146534139 0.13517994936310718 0.17448036194871855
0.11164513184732792 0.6548227168269151 0.1148402356156184 0.11869191571013853
0.0926965244797925 0.6171492735357568 0.117112970239951 0.17304123174449978
0.09002267650597431 0.5857057473200378 0.11035860652796219 0.21391296964602582
0.1281836808408138 0.6056914678891973 0.14214869301395475 0.12397615825603421
0.15860847937420738 0.5575774071985747 0.17340259454452145 0.11041151888269636
0.1204643525740149 0.5788965846184619 0.14109858144492535 0.1595404813625979
0.1905609016009906 0.5372472219130063 0.17200764182176242 0.10018423466424063
0.12131756069039822 0.6424682845083308 0.08214408510094046 0.1540700697003304
0.1976317594094156 0.47801254995994036 0.20844362743093273 0.11591206319971122
0.11786057011363175 0.6284730909874314 0.10661148699231798 0.1470548519066188
0.09143428717024124 0.6440971167218761 0.15554578384842385 0.10892281225945871
0.17660014119398845 0.5127832748856491 0.20289041046481177 0.10772617345555077
0.14583196956197694 0.6427648872653654 0.14579214216532202 0.0656110010073356
0.2346648734377551 0.5684250278600983 0.08271697018276285 0.1141931285193839
0.08292467306390305 0.6668417661117002 0.10511956768069795 0.14511399314369855
0.10558133400032299 0.6665074016504641 0.11028753796035917 0.11762372638885372
0.08395343184405109 0.6188054571323751 0.19067553177441116 0.10656557924916274
0.18062543723918537 0.5405237958395563 0.12144516556326593 0.15740560135799234
0.07336946337679474 0.629609295492436 0.10725394470379489 0.18976729642697443
0.1209878490211177 0.6574207630468104 0.12664022814517154 0.09495115978690047
0.14681162429028602 0.6045261593081249 0.10735133069107694 0.14131088571051215
0.12905411077063764 0.6719833816300085 0.09829439005022594 0.10066811754912793
0.2142634573375248 0.5864557339213118 0.09581205100740889 0.10346875773375443
0.2400051312904765 0.5699674693631159 0.10691491717985503 0.08311248216655247
0.08008482683590254 0.6523187596881037 0.09764175536456597 0.16995465811142785
0.08117282645016267 0.6150666632726322 0.15093090101024045 0.15282960926696468
0.2284316975846286 0.4781617918227617 0.049138564827768315 0.24426794576484134
0.1182036301788305 0.5770281000363441 0.10714600833316258 0.19762226145166292
0.11016554590135191 0.680696450809651 0.12109643509304716 0.08804156819594983
0.09603636982713894 0.6585650108244029 0.11093140020973591 0.13446721913872223
0.11830715430040031 0.6050891030518144 0.14954622949067067 0.12705751315711467
0.12396949890007905 0.6149744437072783 0.13768380646644307 0.12337225092619944
0.18106625418055383 0.5505319737790861 0.1346476564215322 0.13375411561882783
0.08864742856529048 0.6206562475734649 0.10614334972136033 0.18455297413988428
0.1665404877667946 0.5949750275388123 0.12401384741537118 0.11447063727902221
0.12669093036892864 0.6540386244382667 0.10427238978598616 0.11499805540681858
0.13535765673575662 0.6007957430983921 0.12095076262096749 0.14289583754488377
0.1302224847891915 0.626668619491466 0.133070664493693 0.11003823122564965
0.13564972369566053 0.5857032309892295 0.14338007599284258 0.13526696932226737
0.09261261510186827 0.6659163159854928 0.15237500399879952 0.0890960649138394
0.08241517370380952 0.6740508636261571 0.12355949621746747 0.11997446645256585
0.18237259826011404 0.582170065347907 0.12161321891736489 0.11384411747461388
0.0799540270823333 0.7085459689047914 0.06265544068817164 0.14884456332470358
0.1431661870688212 0.6059752003741165 0.14263335510613884 0.10822525745092346
0.12885333074692198 0.5994597488867621 0.08559730940955115 0.18608961095676466
0.18370090392387006 0.5993143676773159 0.09961431910481622 0.1173704092939978
0.10484215608528705 0.6552403458381557 0.13806280601877463 0.10185469205778269
0.13662859533326516 0.6382412736728814 0.09113685821281053 0.1339932727810428
0.1594410421893473 0.6515849321111713 0.08218105603712247 0.10679296966235903
0.11885373943277226 0.63531635457969 0.10476797657994633 0.1410619294075913
0.090959996447155 0.6191606943182025 0.17368447595270933 0.11619483328193306
0.07987690192277994 0.6769641208054908 0.14402492186627652 0.09913405540545263
0.10064754166266257 0.7286190198195837 0.10780901383974971 0.06292442467800392
0.1819770980038617 0.49518740106971004 0.1523302094316207 0.17050529149480761
0.14103682226248754 0.6276220034523184 0.12530628879493694 0.10603488549025705
0.17239396329005724 0.6330254183705271 0.08366509555731891 0.11091552278209668
0.09642700755894938 0.7073931650340227 0.11679251650119123 0.07938731090583652
0.22457486160295445 0.5328403429097284 0.12974098439883636 0.11284381108848084
0.1716423442055609 0.5124237630057092 0.17555635344320406 0.14037753934552588
0.1464823542946541 0.6327974283498741 0.15132834592890548 0.06939187142656641
0.09937971686962258 0.7169763245142312 0.09901832162329137 0.08462563699285483
0.14515294109802912 0.6247895004324154 0.16534273455263254 0.06471482391692296
0.12722842256791084 0.5757664353911016 0.15773881453483168 0.13926632750615583
0.15067431588520946 0.6513621754453921 0.1062096194603662 0.0917538892090321
0.08768406862359879 0.6579609841766344 0.13589254995062158 0.11846239724914535
0.13109191353850014 0.6411720218263545 0.12834479660925288 0.09939126802589252
0.11424441873930245 0.6446722020073747 0.0928749594327665 0.14820841982055635
0.07747050680196836 0.613529034660778 0.133860201651235 0.17514025688601856
0.09875953395571431 0.49457572757522755 0.23974540346771245 0.16691933500134568
0.1326498477448118 0.5888503103663144 0.10134205800902699 0.17715778387984674
0.16579687272386162 0.5985395632221618 0.08632100395638587 0.14934256009759042
0.10998082326368348 0.6508975435015101 0.10407971523945037 0.13504191799535623
0.11978400373628605 0.619965078793655 0.10074405832922988 0.15950685914082907
0.10779276666636373 0.5816548165841844 0.14618902381649823 0.1643633929329537
0.0561972470338001 0.6186410033143501 0.17422816158341908 0.15093358806843069
0.14293985273837423 0.605725809737659 0.09130364404625306 0.16003069347771373
0.07271051420156313 0.5990724701868259 0.1325872466253541 0.195629768986257
0.07221895907343841 0.6160520036498133 0.1293601257056756 0.18236891157107257
0.0850666249345334 0.6131438376623205 0.09537545106311766 0.20641408634002845
0.1168902622773786 0.6422016851624736 0.11136634672368294 0.12954170583646502
0.10093942764129991 0.5685749271797338 0.25293795592054963 0.07754768925841662
0.10011766629372965 0.5931929722700237 0.08902506466768312 0.21766429676856364
0.16566725521853948 0.7110428571734939 0.08677903454885581 0.03651085305911067
0.13677714308472466 0.6607874688251124 0.09450752528466348 0.10792786280549947
0.09794154423274444 0.6804873943996732 0.14237965674062383 0.07919140462695848
0.15649106637034238 0.13535861138704366 0.5913187139562255 0.11683160828638847
0.13753201340390653 0.12593999040988083 0.5523670108444156 0.18416098534179684
0.14391269272000123 0.07995069875300688 0.5918249111732657 0.1843116973537261
0.1794614384978119 0.10563804135597836 0.5872074791268493 0.1276930410193604
0.14326571507942246 0.1016412071208051 0.5987077786974102 0.1563852991023622
0.15013088437867927 0.08278760832018821 0.6602093921777368 0.10687211512339573
0.15928943769778894 0.08683154838677444 0.6560692063722413 0.0978098075431953
0.21392517513088355 0.07057782450347411 0.6387722373463375 0.07672476301930477
0.1127728341642925 0.0722893052349818 0.7136261713656246 0.10131168923510113
0.1942516543654327 0.0846852689859532 0.6171408460576907 0.10392223059092355
0.13447274095166697 0.1552841785499059 0.6056465654210188 0.1045965150774084
0.10890286049468381 0.20043593092642947 0.5789580380947199 0.1117031704841667
0.12806733912960178 0.13677260815842537 0.565892524045953 0.16926752866601985
0.12495422061145706 0.14522630065860306 0.639056789232687 0.09076268949725301
0.1501252609483043 0.06261604818945869 0.6553083168358357 0.13195037402640117
0.07930280719443052 0.14552045007086936 0.6594470823345966 0.11572966040010348
0.04770387503121255 0.16840805792154542 0.7221133220716849 0.06177474497555722
0.10733242641532859 0.10817599047886234 0.6660233431739687 0.1184682399318403
0.10709292546253399 0.1463892248910052 0.6697432043716258 0.07677464527483495
0.1662381595344364 0.09006367418444194 0.6497618347034232 0.09393633157769846
0.10840243583115716 0.15729204547860418 0.6083332135614543 0.12597230512878438
0.11297001660537079 0.14206533855331058 0.5799632098543095 0.16500143498700923
0.08915367249995064 0.13756172477708395 0.606078820222126 0.16720578250083945
0.08447187721827266 0.1714631093316257 0.653896848508879 0.09016816494122264
0.09809015934702223 0.16012923007393928 0.6321258723704789 0.10965473820855977
0.10513470875752173 0.1338538676204615 0.6518170395901799 0.10919438403183682
0.1544738852928635 0.11578687552453314 0.5717620294477814 0.15797720973482207
0.11638629021236434 0.11768344388580723 0.6723263228333309 0.09360394306849763
0.09663528893011854 0.1008567338297031 0.6146962258958945 0.18781175134428388
0.10757076039281167 0.1202373663845971 0.5998146433890884 0.17237722983350265
0.09557907896010125 0.13121579935943073 0.6255681675892839 0.14763695409118413
0.13511060738587774 0.1526753824797627 0.5992994609381248 0.11291454919623484
0.15990104765201657 0.12123282416028805 0.5191784170323649 0.1996877111553305
0.160629005261322 0.1390747683161685 0.558699298697627 0.14159692772488247
0.11066949299584075 0.09017415499490446 0.6723455882472791 0.12681076376197578
0.06910616337710153 0.07994020120804475 0.6169047011722867 0.234048934242567
0.1938999513052174 0.1561596209253448 0.5609393343940584 0.08900109337537938
0.12294192989062572 0.11814981692456263 0.6786248667721734 0.08028338641263823
0.16759614410068627 0.23752237959443642 0.507880808190082 0.08700066811479534
0.09629353657745443 0.13191431035389 0.6979125250706013 0.0738796279980543
0.1224567959297031 0.12682837211393413 0.6847164196912415 0.06599841226512113
0.123975647028407 0.1037466586357946 0.6424411694096493 0.1298365249261489
0.1349646907200292 0.14603019169446269 0.6209741459588844 0.09803097162662364
0.11143753106313586 0.10153011233774495 0.5777118355797499 0.20932052101936935
0.1567105040830551 0.11517708186506216 0.6705215435861475 0.05759087046573519
0.09866756637329778 0.12456726531059979 0.6464984651213398 0.13026670319476275
0.11422128456304628 0.07968571454255026 0.5854793397349718 0.2206136611594317
0.09247053398558207 0.11825670842177549 0.6676697745417433 0.12160298305089919
0.154233956991419 0.09069178064175391 0.6575556760662055 0.09751858630062149
0.14032951689414985 0.12450155091488929 0.5751115630505564 0.16005736914040442
0.10829313541858408 0.14650390182823836 0.6600239798973967 0.08517898285578075
0.09200086299844884 0.1120537792199296 0.6792688905540079 0.11667646722761368
0.11311942867340764 0.09252552696754231 0.583850532626477 0.2105045117325731
0.1395062306223932 0.14781705645603457 0.605242547280243 0.10743416564132931
0.11567355213402622 0.08693418101846707 0.6571390408197685 0.14025322602773807
0.140406783499518 0.05472578407270807 0.6900736038934931 0.1147938285342808
0.15597681674449215 0.12244488592806488 0.5411035110801231 0.18047478624732
0.16558529201446717 0.10264044284317846 0.606896503867214 0.12487776127514029
0.14894578857533572 0.12570493037232813 0.5792821813024815 0.14606709974985457
0.17134728661167223 0.08184213791774413 0.6667681409546631 0.0800424345159206
0.20894004087076928 0.089723025750044 0.5400844983618159 0.16125243501737074
0.11869187662192314 0.14100152479053366 0.6081227274320546 0.13218387115548857
0.12295605398189774 0.1996973184446501 0.5544456379711954 0.122900989602257
0.11028268610732396 0.1141166202134689 0.6491128500685958 0.12648784361061136
0.11254432233912447 0.12947846318856618 0.6080146169271965 0.14996259754511282
0.17321945569298322 0.06638635200628631 0.6446290220015908 0.11576517029913973
0.14797685566255125 0.1284392254559532 0.6270301383297604 0.0965537805517352
0.15994681725402893 0.12479913266095871 0.627530436405336 0.08772361367967632
0.10011858545323704 0.12761785221067445 0.5897678963204939 0.18249566601559472
0.11914537781497067 0.1599739179119896 0.6245569960145587 0.09632370825848102
0.08753684286115768 0.1621312467717579 0.6837294893736938 0.06660242099339046
0.08431257747063835 0.11927278757118301 0.7123540553996848 0.08406057955849394
0.16155999747703706 0.1313762256137789 0.601143218588098 0.10592055832108606
0.11025574017684946 0.13996755136967307 0.5992937427789261 0.15048296567455147
0.20718964552866564 0.13690678035239248 0.5428910387854481 0.11301253533349384
0.12981627591871162 0.15758495623386978 0.6273960728489696 0.08520269499844892
0.1588630839768075 0.20684683091913472 0.519718913798657 0.11457117130540076
0.08193918989965272 0.1682457015816622 0.6719912552562071 0.07782385326247816
0.10953224418211883 0.14597081591972327 0.6309778312802847 0.11351910861787302
0.09372705623626873 0.1585407287655535 0.6384567435816376 0.10927547141654022
0.16633637631268217 0.13249503157429335 0.5446358428987365 0.1565327492142881
0.17241030686120087 0.10884336303042673 0.5622551268665062 0.15649120324186633
0.09165237732366346 0.16788629935755983 0.6476367287283907 0.09282459459038617
0.13043051796276706 0.08917636078814636 0.6927268529742303 0.0876662682748563
0.10771959099201056 0.12132242153304729 0.7165288211101858 0.054429166364756296
0.13055496151376003 0.14173052702935623 0.6062305526979287 0.12148395875895514
0.08826167892520626 0.07543526125785982 0.7546582872427071 0.08164477257422671
0.10292107656538121 0.13476183479353723 0.661485118819915 0.10083196982116653
0.12497530198836923 0.09645168195332766 0.6027695636238086 0.17580345243449458
0.11110430927396144 0.13786247606514515 0.6343958584597503 0.11663735620114297
0.08790559641300569 0.14897840653379557 0.6072113906105165 0.1559046064426822
0.10077045173912434 0.13986642635853688 0.6362434602557895 0.12311966164654926
0.13670661922543187 0.1397793640856781 0.5640981340116038 0.15941588267728632
0.10375005437593805 0.1845081470225087 0.5869390705319067 0.12480272806964654
0.16219152357480798 0.10836222173654558 0.6194939415882769 0.10995231310036968
0.12046064741419311 0.14006700418456153 0.6013514433486259 0.13812090505261937
0.1945287984008418 0.07737630802602481 0.565805319679246 0.16228957389388743
0.13110783647030147 0.1131108497453638 0.6220812636539789 0.13370005013035577
0.1047634753106927 0.19055188814764362 0.6103717987863027 0.09431283775536103
0.13940496095045074 0.1599310901243653 0.6275492657478008 0.07311468317738318
0.12714989060692275 0.1676682517422371 0.12728442161355985 0.5778974360372803
0.11299823828077861 0.16175701952076216 0.1133709427488296 0.6118737994496297
0.12078747530032793 0.08882575620343794 0.12996848147100248 0.6604182870252316
0.18455837360118657 0.11266156754931533 0.10479450230644992 0.5979855565430482
0.24271773081835762 0.13821392041105354 0.18083468207545508 0.4382336666951336
0.101725753250823 0.12970886549680202 0.174782972441677 0.593782408810698
0.08599063284933726 0.14948585422850136 0.06933573300172828 0.6951877799204332
0.19876124228393371 0.07305732850415007 0.10705284760386122 0.6211285816080551
0.08691511748433345 0.08440484700869852 0.06658180535128416 0.7620982301556838
0.07615046427324067 0.14794402166425338 0.10438928745618116 0.6715162266063247
0.14919015112427017 0.11769550688322628 0.08525500689039778 0.6478593351021059
0.06906143665272713 0.23746153945268694 0.0645752528493486 0.6289017710452373
0.11064460302995066 0.08002197546528682 0.13658142057954173 0.6727520009252209
0.11365782360596619 0.0919921637937389 0.14174249596486543 0.6526075166354295
0.0866442914310101 0.06728133179342707 0.12848884306117475 0.7175855337143879
0.13240081717781452 0.06857323031948208 0.11160068715116091 0.6874252653515425
0.11866530602844047 0.1115496010692703 0.09626282670961595 0.6735222661926732
0.1540934076733505 0.088859634014991 0.1525740198485513 0.6044729384631072
0.14427661137537767 0.11010219138300319 0.1972870358638002 0.548334161377819
0.11241764719729755 0.16501826186702356 0.14669184250545095 0.5758722484302279
0.09980107665927668 0.1102882160171641 0.0847224835362084 0.7051882237873509
0.06690294616922621 0.1275014126088406 0.09824410919670798 0.7073515320252253
0.17807845830878516 0.0626068724583665 0.09242330319821693 0.6668913660346315
0.13934682870330667 0.1015765675846352 0.12154177013729585 0.6375348335747623
0.11007206179543229 0.15800735742300287 0.12020897817099441 0.6117116026105704
0.14800933364410862 0.13473128114168734 0.044164979301459226 0.6730944059127448
0.15097918379259134 0.08717372986490102 0.11417404850775964 0.647673037834748
0.15389431224303696 0.11672730465447548 0.16924777838569524 0.5601306047167923
0.1647149016998699 0.11125863901778694 0.08989297228549804 0.6341334869968451
0.07935452442424025 0.08751098401761483 0.17170286747061705 0.6614316240875279
0.0936278457834708 0.15652868811469176 0.054565308488643806 0.6952781576131937
0.12166521870028672 0.12372658327422342 0.12202905551100214 0.6325791425144878
0.11252887756566103 0.09383347052815984 0.14340801190711658 0.6502296399990625
0.12552469467757482 0.05871884129650233 0.09722977864205108 0.7185266853838718
0.09039182728849582 0.10846203551817099 0.11602209400261726 0.685124043190716
0.10752173013769661 0.09672043334882073 0.11917755096826824 0.6765802855452145
0.1763198935810164 0.07813773795030723 0.14249797526542798 0.6030443932032484
0.12910994569699655 0.07965792655097917 0.1477069853983556 0.6435251423536685
0.10375686708428039 0.11000182386435647 0.08089059079114069 0.7053507182602224
0.13721184275905773 0.14508548032799212 0.13642620671125316 0.581276470201697
0.05232827044787371 0.11211104368564669 0.1540700826966578 0.6814906031698218
0.08411163358543142 0.15645366078822728 0.10010156682284103 0.6593331388035003
0.1826177710937306 0.07689649718831829 0.12423368183398255 0.6162520498839686
0.041826993577078454 0.22735491716761874 0.12445274597468972 0.6063653432806131
0.12453307918852462 0.05585062890503679 0.06641117913115276 0.7532051127752858
0.13326696808882763 0.1032496616908684 0.07919390943522293 0.6842894607850811
0.1146590142551792 0.08758075806259455 0.0994949967338911 0.6982652309483353
0.14157209393123782 0.1275534573831231 0.1461269146563352 0.5847475340293039
0.2039921023677304 0.16055995137568219 0.0844366698962594 0.551011276360328
0.07667634468131883 0.13041690865116726 0.1850760860170532 0.6078306606504607
0.11104492870319926 0.1184389984403496 0.1513859875490846 0.6191300853073665
0.054121781890041146 0.14613063015368846 0.13390063737540417 0.6658469505808662
0.1089922208470932 0.07822070007090132 0.09919546168363429 0.7135916173983712
0.09964800335716498 0.10225032110592301 0.16861554831119113 0.629486127225721
0.11375260097359831 0.16125228236984754 0.08054359422780216 0.6444515224287521
0.07866468707882635 0.15465844399657902 0.12070142230400543 0.6459754466205891
0.12446438633346268 0.11723660778921768 0.11421708888724721 0.6440819169900724
0.0802102292367205 0.1660270129149842 0.13128909460234084 0.6224736632459544
0.14155651774065292 0.13391456126459877 0.11872076382926117 0.6058081571654872
0.086443597242553 0.1048688305248846 0.1901054291339705 0.6185821430985919
0.23910458730475537 0.0570897201628039 0.12777616881982146 0.5760295237126192
0.10722808118640231 0.10232700317643008 0.16330723523980942 0.6271376803973582
0.13266717010161774 0.08790648358277314 0.09059114809804465 0.6888351982175646
0.03525426841617417 0.11671968208068524 0.15435782281991484 0.6936682266832257
0.08950591339760582 0.17849807697094397 0.07812642289449225 0.653869586736958
0.1531253703011423 0.1519586709718057 0.15964659506361958 0.5352693636634324
0.15016070130622092 0.09721439414468942 0.1416574764855526 0.610967428063537
0.07790177888826931 0.15260312169635448 0.1851328744343331 0.5843622249810431
0.10987382008325544 0.12868332879852795 0.14044329077961698 0.6209995603385996
0.0847315370704482 0.24511079142010167 0.09499344742953224 0.5751642240799179
0.15626341969862578 0.14179528508828015 0.18202331464066698 0.5199179805724271
0.13470703177147028 0.09418243831362089 0.10635005800033057 0.6647604719145782
0.10549043425239499 0.20145612496781679 0.11158661843542227 0.581466822344366
0.2418529458234115 0.0598508738329203 0.14396175303729747 0.5543344273063707
0.13562137265419533 0.09427471629480486 0.157943449203176 0.6121604618478237
0.10120579961652688 0.11367126298405328 0.09807420178030393 0.6870487356191158
0.11932561938288393 0.14481730015600408 0.121088724421321 0.614768356039791
0.10881596609059116 0.06787475416342158 0.23400757460693838 0.5893017051390489
0.08770252615010077 0.18082878749106537 0.1366746799039677 0.5947940064548661
0.16317266094377397 0.1574699644253296 0.15916820913353674 0.5201891654973596
0.17682076134392005 0.16843091450912787 0.11047939017041702 0.544268933976535
0.14092278539505512 0.14620356026386064 0.10321373484658573 0.6096599194944986
0.11925710173798566 0.15361388263449013 0.11080123671273098 0.6163277789147933
0.09942356379997484 0.16631151084024945 0.07332628743274759 0.6609386379270281
0.09037212575259683 0.03432037005168572 0.23318243666909055 0.6421250675266269
0.09674258564643287 0.12663303064770526 0.17364229664273934 0.6029820870631224
0.11258743773464681 0.1367737680395322 0.1708747174883494 0.5797640767374715
0.052214818878596046 0.20899913780303161 0.11446319838376903 0.6243228449346032
0.1402539201116063 0.11624892644351437 0.10228553615519526 0.6412116172896839
0.09976210305321098 0.08904464189005969 0.08598839714148487 0.7252048579152445
0.17311260198481562 0.17854308266483343 0.12592574525771763 0.5224185700926334
0.19483129849397898 0.15167107214027867 0.0990327018819754 0.5544649274837669
0.10714013084095948 0.09425801815660036 0.1404806041836248 0.6581212468188155
0.21336503561985048 0.11304326985034893 0.07166368066519876 0.6019280138646019
0.15436620365015694 0.08284799150031387 0.10965252910666078 0.6531332757428683
0.1400472747864026 0.14362657053371572 0.107042442096252 0.6092837125836297
0.11698732706491463 0.12060502735001902 0.13107215391653793 0.6313354916685284
0.14511072177731152 0.1365714389537294 0.12850597414568968 0.5898118651232693
0.0645442220411128 0.13711140870108102 0.08979884958513436 0.7085455196726719
0.19291317435659813 0.14932807151037958 0.08479888871751266 0.5729598654155096
0.22589646733178456 0.2488066764569372 0.23764151469173267 0.28765534151954564
0.25485550097145987 0.20980648603199029 0.25921890903580397 0.27611910396074585
0.24471042634849516 0.20834253252780338 0.2516248418735073 0.29532219925019426
0.199282967401653 0.3009915237514467 0.26379841142398036 0.23592709742291998
0.2496370904751258 0.2903632570857881 0.2534963836717053 0.2065032687673808
0.22561516264096976 0.2722032152464512 0.2259806157109218 0.2762010064016573
0.23016113606257815 0.2531746761406833 0.2546753750952876 0.261988812701451
0.30610001423447236 0.2280358326880434 0.22127686658490542 0.24458728649257874
0.21735766754868405 0.34968617504610083 0.18586482601837268 0.2470913313868425
0.2362881670970446 0.20932889099426089 0.301951549406633 0.2524313925020616
0.21028968790589866 0.2471228019851622 0.28232309784524257 0.26026441226369645
0.2653057835109806 0.24340687627499344 0.24565572887617987 0.2456316113378459
0.17624809003910236 0.28631115308170296 0.3008973809598456 0.23654337591934896
0.22078271961702348 0.23827591777907564 0.2648850197475726 0.27605634285632835
0.2251710295126526 0.26268371616499486 0.2650168131583684 0.24712844116398414
0.23004734202555396 0.26999913920798785 0.2615348302515122 0.238418688514946
0.19093438663894574 0.24425821809488543 0.3068429655590548 0.2579644297071139
0.21508566962848377 0.27957705345389705 0.2727238337424823 0.23261344317513696
0.24780650472400972 0.22891227654520258 0.28493491378162883 0.23834630494915884
0.26226166916409854 0.22220575226799655 0.26449456154845374 0.25103801701945105
0.24401877241789025 0.276022136663205 0.2591780019108517 0.2207810890080531
0.2563365616998606 0.29463627062221753 0.22461441036071603 0.22441275731720595
0.20247613520892813 0.3235789389953332 0.27254681568836475 0.2013981101073739
0.27270641968337506 0.21709275237903883 0.2593346208248107 0.25086620711277546
0.2876607277419013 0.24413044547467155 0.2677728658871483 0.20043596089627863
0.21680439968347726 0.2414363607863351 0.2735641229191512 0.26819511661103657
0.2559140694882435 0.25870262155853274 0.25287128908510076 0.232512019868123
0.26470760650846914 0.2591998363591815 0.2675063849911443 0.20858617214120492
0.24354107493840776 0.2851484034898974 0.22849604892036854 0.2428144726513263
0.2865885708476989 0.24862488767234994 0.1987811912698943 0.26600535021005683
0.27416330034580555 0.2211931744468321 0.2091358886574968 0.2955076365498655
0.20562001496653753 0.31190856871271744 0.24825973227472542 0.23421168404601966
0.21234977379241046 0.2809066106347152 0.2396546417740327 0.26708897379884167
0.2765220966046272 0.25791939143441306 0.21185294160115145 0.2537055703598083
0.291519266843087 0.2434229641085978 0.24390513308996203 0.2211526359583531
0.2610922330017528 0.23478820885968785 0.26748713194834633 0.23663242619021305
0.30980094994747137 0.21029392358246624 0.24205359208253122 0.23785153438753112
0.22097391780242737 0.26589654696079823 0.2735259739450329 0.23960356129174157
0.28232118467063394 0.23964447720709933 0.2194678677280198 0.2585664703942469
0.21831729022665414 0.2851985711850053 0.24871277052977717 0.2477713680585632
0.2300599970500785 0.240887249941198 0.2571415657807572 0.27191118722796626
0.2446905305198301 0.24849015485992568 0.24428519692777576 0.2625341176924683
0.2480147021209374 0.24282485853439195 0.2983857534164557 0.21077468592821505
0.3107334543979619 0.23806575706890523 0.2607704806686231 0.1904303078645097
0.275627643350359 0.2207634659859535 0.32546529730265944 0.17814359336102797
0.2748245535014319 0.1862859482203204 0.31130025035457354 0.22758924792367416
0.27185659983765437 0.2987973501873541 0.21209491783587295 0.21725113213911867
0.24986527988683724 0.18644050693565145 0.30199272924231413 0.2617014839351972
0.18725824845470976 0.3325658503517622 0.22769578188267525 0.25248011931085274
0.25990659601154475 0.2753156678801006 0.2520303855215792 0.2127473505867754
0.3116687873814089 0.26575717350728006 0.2514951041875257 0.1710789349237853
0.2314091672765604 0.22856512990933314 0.30978889467862153 0.23023680813548497
0.2529478197787317 0.2367884979571796 0.23866053409800622 0.2716031481660824
0.2465198901482036 0.2645787765571926 0.24846149318932365 0.24043984010528016
0.285089677649742 0.2153844415089529 0.23910092053180199 0.2604249603095031
0.24119999980298648 0.25461265505613156 0.2642473678077586 0.23993997733312336
0.2487185303917044 0.2941537591308005 0.23880042479416713 0.21832728568332793
0.30756024520434116 0.20535413108622394 0.25182558503068253 0.2352600386787524
0.22057196405570498 0.25734113960567817 0.23725215726742355 0.2848347390711933
0.2640326819221693 0.2723978192408879 0.21553193281881491 0.24803756601812782
0.2070342795344311 0.2294343972380662 0.32072504882223607 0.24280627440526661
0.2408902306737153 0.29227973642275074 0.23688846517478968 0.22994156772874422
0.21103630887516756 0.2809975576956718 0.24472003243127985 0.26324610099788076
0.2630594916003107 0.21664107617493952 0.24026516157202257 0.2800342706527271
0.253682923074687 0.2289037122183634 0.2813743858929459 0.23603897881400368
0.25821487269515164 0.25278648960120553 0.29724283344509755 0.19175580425854521
0.22092796437720205 0.2115272876852157 0.30745899814729505 0.26008574979028726
0.26701489949742374 0.24511326005619496 0.22626109039873712 0.2616107500476443
0.2240960064662552 0.2701428610251351 0.25921976542211916 0.24654136708649052
0.2703021545548721 0.19639953415623565 0.2861153320228068 0.24718297926608537
0.24677076235319875 0.2635855024943028 0.23047295640252372 0.25917077874997485
0.27289707850282063 0.2642514575810917 0.2196889411976815 0.24316252271840616
0.2503210075018195 0.21608269667131635 0.23473006107304778 0.2988662347538164
0.25421345681907354 0.25335783637540915 0.2251851081047974 0.26724359870071984
0.241140534483085 0.2620851562199986 0.23681093422899765 0.2599633750679186
0.23309558950823675 0.3076124600519119 0.2536719151580516 0.20562003528179976
0.2810678025081222 0.24120197694092688 0.27823980806220916 0.1994904124887418
0.2727159875841593 0.23576277660703468 0.2529314779397294 0.23858975786907644
0.23115438151125248 0.2567225387239723 0.23488692713144774 0.2772361526333275
0.21525632534479372 0.23397845093576172 0.2720103744979783 0.2787548492214663
0.23739284632918373 0.22683895514370223 0.2971159149141237 0.23865228361299037
0.23674379860827094 0.2706523202136593 0.23314702804264686 0.25945685313542294
0.23044481772276865 0.24456542794770522 0.25216731603643444 0.27282243829309166
0.24879413278739523 0.2076425215248418 0.2039425218428663 0.3396208238448966
0.2630262330780919 0.2515024417915419 0.22290071100749703 0.2625706141228692
0.24525040158402503 0.20933154505263485 0.2690197882645435 0.27639826509879667
0.2800076999911648 0.28292888313039094 0.19519417198598643 0.24186924489245779
0.24924132212744074 0.24309420780049257 0.2673510208230978 0.24031344924896894
0.2612443165500183 0.23159253744664873 0.2701297669384463 0.23703337906488667
0.24942351302815655 0.30336541495524233 0.2469990231229027 0.20021204889369865
0.23144385288097527 0.22797611946856944 0.20610226194154346 0.3344777657089118
0.18290489589875822 0.2723156554776822 0.25935146329390196 0.2854279853296577
0.26037167683613266 0.238464007246871 0.2569191437368188 0.24424517218017755
0.2723212809823625 0.22074751272034185 0.25248060484522744 0.2544506014520681
0.1921094811321047 0.34671772951674984 0.19536864300318157 0.26580414634796395
0.2778501450065911 0.2023966987787516 0.29710826621992203 0.22264488999473522
0.22115542278104616 0.22853171240629697 0.2655641102482164 0.2847487545644406
0.3002869363539144 0.24447350411047628 0.23289888089114688 0.22234067864446252
0.28470730277320333 0.2981888546373506 0.2582547391739741 0.15884910341547195
0.22552851082625913 0.22884746604172398 0.2839940073592207 0.2616300157727962
