0.674866995835271 0.09956339722969706 0.10775809004552055 0.11781151688951134
0.6377323642827876 0.1272770838663285 0.12295797798031693 0.1120325738705671
0.7436093503641545 0.10157409452595727 0.09730158846529476 0.05751496664459347
0.5204572649637917 0.21175711712618495 0.12305750544221133 0.144728112467812
0.7016334449461561 0.03184721918546961 0.14512186586823891 0.12139747000013547
0.6262083053699828 0.2156334810472198 0.0742936207532919 0.08386459282950542
0.6806101770609451 0.113988276502667 0.10119310611618036 0.10420844032020767
0.5821288035713763 0.20903919230094237 0.0886124210083235 0.12021958311935783
0.7122293235647303 0.0864492162062963 0.10744245371387977 0.09387900651509361
0.7051742163843014 0.07021655788156358 0.11505060952624964 0.1095586162078853
0.7187319883944842 0.09289983775167832 0.12208069128769439 0.0662874825661431
0.6111769059238369 0.1091870655153898 0.1165842497450829 0.1630517788156904
0.6450026037161306 0.13396359213526032 0.090914193481425 0.1301196106671841
0.6069629331538761 0.14848806619599783 0.09466059580217982 0.14988840484794624
0.5840440493390628 0.17475460694400377 0.11395340881376051 0.12724793490317302
0.681504552773884 0.08235085010026151 0.13433145639876176 0.10181314072709284
0.6315907381510655 0.1337662855622936 0.09969012888847852 0.13495284739816246
0.6237621907155942 0.1489340880779622 0.11799882684653618 0.10930489435990742
0.6124035686387689 0.14876307422561616 0.11606666372591339 0.12276669340970174
0.6851728061793398 0.08201195021918058 0.16522807485082633 0.06758716875065306
0.6433793687601883 0.10988034533747115 0.07142848548513496 0.17531180041720565
0.6713545070434852 0.07649272800148706 0.13479308442642793 0.11735968052859987
0.5096768581132145 0.24502333024122627 0.1268366746038993 0.1184631370416599
0.6375205684879912 0.12098632139846242 0.13103079549135693 0.11046231462218949
0.6564519029570771 0.07486185346544558 0.18814597623099738 0.08054026734647993
0.57858060737342 0.19515813390824122 0.07998981019558149 0.1462714485227572
0.5824588371639355 0.21884894826482532 0.09050372587143984 0.10818848869979937
0.5675006482367412 0.17146484870538478 0.15790515774109928 0.10312934531677478
0.6611842245896963 0.1159202623855249 0.13489784364319712 0.08799766938158171
0.6172743397030876 0.13668701273185402 0.16150238088774943 0.0845362666773088
0.566633633535276 0.08249130284446218 0.12987275853322158 0.2210023050870403
0.6172675994242645 0.1438769798281995 0.10589336759955557 0.13296205314798057
0.6449572935188695 0.1258768240632639 0.07278283791899721 0.15638304449886928
0.5563057606374716 0.17394221266651563 0.16183482442564773 0.10791720227036507
0.6232909490381385 0.14720662543179477 0.11457459117979758 0.11492783435026907
0.6106003885235674 0.1907096894407446 0.09042249095232784 0.10826743108336019
0.677435009767533 0.07463103504093958 0.13672825560968532 0.11120569958184219
0.667888564368456 0.12286461472989375 0.09390808616307693 0.11533873473857319
0.551877202668044 0.1920354749695252 0.1460782197055237 0.11000910265690725
0.5854852744460541 0.1292941247602651 0.10404410493948703 0.18117649585419368
0.5630107057484401 0.18274669838650218 0.09540362777929466 0.1588389680857631
0.7411161022572493 0.09799607992499097 0.06783372205150069 0.09305409576625905
0.6236875087235981 0.07571124391430298 0.20479790146637813 0.0958033458957208
0.5870335091683727 0.11230192443084179 0.09034054007160487 0.21032402632918046
0.5494890443509296 0.07448783223785593 0.1715135446873936 0.20450957872382086
0.6457033748472694 0.08254072056567836 0.1441508290865146 0.1276050755005376
0.5460436040130173 0.18369429938380005 0.12997180613135198 0.14029029047183053
0.6066270856454055 0.1520484251582903 0.11622500260995702 0.12509948658634706
0.676033384550725 0.13520024571881947 0.09789041110615296 0.09087595862430257
0.6452353590501834 0.196205744198032 0.06924675541695344 0.08931214133483126
0.7471345978023982 0.08317432490617908 0.09871408060118211 0.07097699669024052
0.6280207099855094 0.15072305083285883 0.09609159343313214 0.12516464574849967
0.5351562726744428 0.16523242365813107 0.17530040849454837 0.12431089517287762
0.5770986337547948 0.11315875146421475 0.23983147101437155 0.06991114376661903
0.603036078228075 0.10409310441550233 0.13920042329484256 0.15367039406158006
0.5707201988707987 0.14175899513841003 0.14015505326086172 0.1473657527299296
0.6998093974386304 0.07942026901213597 0.0619024465601263 0.15886788698910745
0.5860032697687885 0.13955901582420885 0.1462653254156427 0.12817238899135996
0.5604563394485399 0.0992472648323073 0.16231485027365625 0.17798154544549655
0.6617213162184521 0.11217704760443171 0.14100723607949595 0.08509440009762034
0.7012319610073775 0.09919635084651102 0.13251650390470407 0.06705518424140741
0.6290410760376896 0.10301499146599863 0.17140225551843646 0.09654167697787552
0.6316180592679433 0.15563859615717524 0.06890544193793216 0.14383790263694912
0.6814956453315214 0.0946796823530436 0.09575809208943875 0.12806658022599632
0.6533701101179603 0.16218465602917082 0.08240509009119847 0.10204014376167035
0.6651269084404177 0.13134984190006202 0.08381363065158183 0.11970961900793854
0.6775349289626417 0.09790287001432839 0.07363151222987445 0.15093068879315558
0.6702064771217732 0.15793508736914438 0.0665618183253817 0.10529661718370081
0.53166730754234 0.120847430827599 0.1699899232558635 0.17749533837419748
0.6343031263651036 0.08149739244334303 0.16341523238791392 0.12078424880363957
0.6250874266213333 0.07279200563199872 0.14237526195796174 0.15974530578870635
0.6477061358312405 0.12121548575288 0.0778661701783118 0.15321220823756757
0.6688450941462537 0.10707333072201332 0.09426025579421493 0.12982131933751814
0.7076954823834816 0.11086210100954202 0.07611591245955156 0.10532650414742475
0.7180672189703651 0.11631605848023531 0.056546178077350344 0.10907054447204918
0.5498717872732548 0.24078391417211728 0.10147082268613716 0.10787347586849078
0.5947334686458686 0.14165014225852196 0.10110506678138086 0.16251132231422843
0.6397215187967957 0.10108219710340405 0.09924199642893812 0.15995428767086206
0.6791444681234478 0.05481941570574926 0.11578996176372232 0.1502461544070806
0.602056039588767 0.15574325148417048 0.06681170035767284 0.17538900856938966
0.6945745429492693 0.0877267778005401 0.10974988927649056 0.10794878997370008
0.6576403557932776 0.15637534646652354 0.1053639325097901 0.0806203652304087
0.6440680781980405 0.1467968477845998 0.09255093701840379 0.116584136998956
0.6413961174685179 0.12498700246834729 0.0826049590512327 0.151011921011902
0.5300770689902207 0.1627294069426718 0.10864112846489071 0.19855239560221674
0.5937641895112256 0.15138448599541526 0.16425616330354967 0.09059516118980959
0.5676765660546369 0.10704414714768612 0.17550409893861804 0.14977518785905897
0.6258602350580366 0.13330738202239098 0.11678266893805644 0.1240497139815161
0.6390965543645432 0.12472359910873265 0.11603920758018632 0.12014063894653784
0.6632967952254593 0.07771329972241113 0.12164686899322537 0.13734303605890433
0.6163139888835905 0.12525657056811357 0.12081964058296227 0.13760979996533362
0.5730519313625699 0.15686513031484736 0.08973609291707756 0.1803468454055051
0.6439081554823265 0.14894425203732858 0.12027309701258135 0.08687449546776366
0.6328169494528822 0.09601805606841779 0.1234535790480242 0.1477114154306758
0.6683029097572603 0.11192575743340326 0.0780722664738543 0.1416990663354821
0.6504531911616308 0.10151843918994582 0.12516042333099622 0.12286794631742712
0.6756536798627815 0.11648306834831225 0.10281265715742702 0.10505059463147944
0.629136678265821 0.07429190047263032 0.1851950227445782 0.11137639851697051
0.5647485231671642 0.189436361334235 0.14184582590472886 0.10396928959387186
0.7033578640255688 0.06772266938139668 0.08148766811641617 0.14743179847661844
0.6682959151273203 0.1218243497983767 0.08648044086585885 0.12339929420844406
0.6537091833157258 0.14219612904081663 0.09760883998528598 0.10648584765817146
0.6719438848631191 0.10939009999355633 0.09663424552823052 0.12203176961509397
0.5532506175003163 0.1917856791389286 0.16412285686245318 0.09084084649830185
0.7112174185597686 0.08496837169154738 0.1286054911549083 0.07520871859377562
0.5576534633494888 0.10756105760644262 0.10123025901719063 0.23355522002687787
0.5812505783254648 0.12172842817627239 0.11115411475856742 0.18586687873969548
0.6646767498366933 0.09208639819217013 0.12644356573499554 0.11679328623614102
0.6339135526343526 0.11688020881296805 0.14168580512256435 0.10752043343011518
0.5114374728254681 0.1738649849094811 0.16409836439193112 0.15059917787311963
0.5063105189816116 0.20122258176654148 0.16048185848511703 0.13198504076672984
0.6512579922662493 0.10050939583522667 0.11044634519940141 0.13778626669912253
0.6704724757949774 0.1318288959649224 0.10998150540428682 0.0877171228358135
0.6263960596146527 0.10623560170856695 0.13790621618593452 0.1294621224908458
0.5911948718546526 0.07161605349380071 0.1309933142255817 0.20619576042596502
0.5914632276189761 0.08258095614071623 0.1695937058636025 0.1563621103767053
0.602521081872699 0.06144962328791119 0.19342707503910245 0.14260221980028728
0.6760445972664128 0.06872478049999492 0.14531806425594407 0.1099125579776483
0.6146331140567913 0.13916213440130815 0.16114974978448945 0.08505500175741117
0.6040404123511247 0.14002281522929155 0.13180083503971698 0.12413593737986668
0.6655659305430807 0.09279631051265567 0.11760882986346244 0.1240289290808012
0.5732167251640523 0.11005957887595108 0.09048144013420685 0.22624225582578977
0.5952960948379477 0.1423236857343398 0.15800196256077878 0.10437825686693379
0.6098258185530093 0.13960693008182712 0.10387050100279578 0.14669675036236776
0.6379347920176327 0.13989665011435418 0.08165505341396265 0.1405135044540504
0.646970485132221 0.15908708192943954 0.09926398623364059 0.09467844670469877
0.7144458371774678 0.14157604920478142 0.052101960264117106 0.09187615335363364
0.67485011961611 0.055821382841385665 0.10118418808174748 0.16814430946075687
0.6172887230145266 0.14087018907074852 0.1207421130730633 0.12109897484166149
0.6246821634802572 0.09836233154742322 0.10225059059027035 0.17470491438204924
0.6553227183111844 0.10454771560833026 0.11822560020716977 0.1219039658733156
0.67267309479054 0.13116807811085948 0.11794219808885777 0.07821662900974263
0.6223936512062929 0.10969119424915653 0.13553311770095497 0.13238203684359567
0.7710617374106971 0.064764460307982 0.12017043071679297 0.04400337156452803
0.6059079687250903 0.15725668162510237 0.15193449382290264 0.08490085582690457
0.5415132144858754 0.1760476501612979 0.14487550050081047 0.13756363485201617
0.5571710276603291 0.1612568207206398 0.09724822351675387 0.1843239281022772
0.6124009844606154 0.12183035759042388 0.16547856714334025 0.10029009080562037
0.6417472687032296 0.08604311546875087 0.16994055728050683 0.10226905854751261
0.5607065467644307 0.09765364190790357 0.14695858446684276 0.19468122686082306
0.6743149265289475 0.14967120258961478 0.08734703187081053 0.08866683901062722
0.6530083895280446 0.0794535345833172 0.1127856882999683 0.1547523875886698
0.5931194520988267 0.17127768522884457 0.06594727506112001 0.16965558761120864
0.5279278004113157 0.15474264451060923 0.173277013678994 0.1440525413990811
0.6115827619771781 0.1193066555230784 0.14135382073849112 0.1277567617612525
0.5919560702243599 0.09565633482911126 0.18663731718305532 0.1257502777634735
0.6158673644504563 0.13182445654169572 0.09305143441062547 0.15925674459722242
0.7225295560628965 0.09790996737043195 0.10942497983781553 0.07013549672885613
0.6216218840312292 0.10060293934600255 0.08553189244670792 0.19224328417606032
0.5947723283426524 0.16185605606213235 0.127490169568368 0.11588144602684736
0.6322425635095016 0.1296207794388412 0.12322586071887362 0.11491079633278364
0.5987023170917283 0.09635050962358427 0.18708071598454096 0.11786645730014651
0.6747895951326847 0.13136466564950477 0.06385953611531714 0.12998620310249345
0.6139675247522177 0.190174245057748 0.06838175470126487 0.12747647548876942
0.5624410825487378 0.1441489071839901 0.13583669324304914 0.15757331702422303
0.6358229382315242 0.13275894271397937 0.1365641825159782 0.09485393653851804
0.7071005031264616 0.11446625552250721 0.07764114651806223 0.10079209483296896
0.7121351491150234 0.05960012563871578 0.10178800468466401 0.12647672056159684
0.647290227742595 0.05557891815516499 0.08734344129637148 0.20978741280586852
0.579016959303079 0.1772920279337989 0.10351931992871191 0.14017169283441028
0.7081067022022305 0.07666278962517589 0.09023062642494606 0.12499988174764756
0.692208477292702 0.20537982732216503 0.05588200073523592 0.04652969464989714
0.6621514973578914 0.1266531640087794 0.09823357436978726 0.11296176426354212
0.620804793627715 0.17757970630839545 0.131466893159704 0.07014860690418544
0.6231419400207939 0.13050548874320617 0.12369422692000279 0.12265834431599713
0.6547863247197688 0.10415633277356072 0.07472295681816112 0.16633438568850933
0.6564608799944146 0.0805310487271065 0.10382031083339094 0.15918776044508787
0.6392232235657983 0.0686235852524677 0.12113890261788454 0.1710142885638495
0.5682707157602033 0.09068530487054616 0.1959374353929499 0.14510654397630066
0.7424875052677951 0.09650941868031225 0.07994901563874303 0.08105406041314966
0.6762930492983946 0.1203440446203632 0.11406150374897969 0.08930140233226257
0.6222018973963351 0.08207528292646729 0.1600554418698883 0.13566737780730942
0.6018341013704083 0.1587310101188093 0.10819578931099212 0.13123909919979018
0.708925496142851 0.14432580064289477 0.0988995257144389 0.047849177499815286
0.6194785826976277 0.1169547793366421 0.10927392817205628 0.15429270979367404
0.6257711232875759 0.15443644495704334 0.10654572083602507 0.11324671091935566
0.673311186482672 0.11726587057608726 0.13622956190920343 0.07319338103203728
0.6859166896907181 0.1311969766234712 0.07981434825929261 0.10307198542651805
0.5993264291781468 0.1723542883327253 0.15548564604203702 0.07283363644709093
0.6148646944509935 0.0833854308015641 0.09346419982374898 0.20828567492369346
0.7019692566011965 0.09339919245029982 0.15903956788849255 0.0455919830600112
0.5524002383002996 0.18287420602832993 0.12746876314181077 0.1372567925295597
0.5982416305738303 0.07075608221492836 0.12632481295971834 0.20467747425152305
0.585805318480907 0.09477345128942213 0.11672965412011022 0.20269157610956068
0.6520503409248508 0.1450238523886468 0.13584084797477863 0.06708495871172368
0.626371925435442 0.08833607309759597 0.13134700517293982 0.15394499629402222
0.5846246249623824 0.09794316824479922 0.2303794856778678 0.08705272111495051
0.6384090637695045 0.14367101667915202 0.10057167019324686 0.11734824935809669
0.6344765915657461 0.08465736090611016 0.15584440989672313 0.1250216376314206
0.5578731437441913 0.204588996786356 0.15865209543132827 0.07888576403812456
0.6022970662631703 0.0976687603451653 0.15051650570355976 0.14951766768810482
0.5631033847410603 0.1418213214848357 0.20071461479844374 0.09436067897566026
0.5855833633604913 0.14866994382216758 0.12835746417954869 0.13738922863779238
0.7146498984201524 0.08139267252275187 0.10242554090710833 0.10153188814998755
0.6602777407126534 0.08898885113552775 0.09179004059386615 0.15894336755795263
0.6226475336500069 0.15059009495287298 0.06331283969382713 0.1634495317032931
0.7020854326968817 0.08592199208003255 0.08812671697292145 0.12386585825016416
0.6814809420197836 0.07954941121997154 0.11146243116778065 0.12750721559246414
0.597613173482292 0.14231423436957563 0.11211143580381953 0.14796115634431267
0.626898026167974 0.17225383182378032 0.12545843997288025 0.0753897020353654
0.6596332213324905 0.07549731031850891 0.1563138232813243 0.1085556450676764
0.600336120567135 0.12999234677326088 0.11595114139379856 0.1537203912658055
0.6205288813905049 0.06673713757386217 0.20332507845921027 0.10940890257642258
0.5855287427421622 0.10802391868079576 0.10633978916048151 0.2001075494165605
0.6388741923710521 0.10868270480945283 0.12423777967965344 0.12820532313984156
0.722552644783442 0.06838133623659845 0.1205603729532643 0.08850564602669508
0.5945675747645026 0.16893471069932267 0.1186839387394071 0.1178137757967675
0.7297431539344367 0.06996098960775035 0.07717988122615914 0.12311597523165384
0.6548057126287912 0.17876553763610775 0.1010413472672629 0.0653874024678382
0.6756333670190211 0.10125388521379693 0.12139620558466412 0.10171654218251783
0.6955834957722868 0.09286823371501887 0.12423392087206192 0.08731434964063235
0.638883911970027 0.14878510415939497 0.08876805617533419 0.12356292769524391
0.7401739853422791 0.08929997011897949 0.10143667480873378 0.06908936973000748
0.6214465211015421 0.11051126784614781 0.13470392036523005 0.13333829068708009
0.6665551126445952 0.1597285248970127 0.07689270495188767 0.09682365750650429
0.5874076121490728 0.16196308589445857 0.09547171418053733 0.1551575877759315
0.6832322346848428 0.08807342329266833 0.11748352382074169 0.11121081820174719
0.5924675631383212 0.1417141091319299 0.15872670723560425 0.10709162049414478
0.5896999381199993 0.1853198410532314 0.11616474811009969 0.10881547271666962
0.5810945952844087 0.14800585467440575 0.08843046416062315 0.18246908588056246
0.6132414157566981 0.12395854954107982 0.10809707329279632 0.1547029614094258
0.47563310732809827 0.1652977523741887 0.19297597745803435 0.1660931628396787
0.6562906092846348 0.11156587641152181 0.15425339257603907 0.07789012172780435
0.6555001602693521 0.14186577721884458 0.10738485698407452 0.09524920552772875
0.638687778080635 0.145511536627625 0.07574567958872368 0.14005500570301632
0.5773849258089292 0.20409825854448174 0.09432468487690387 0.12419213076968517
0.7353609494633203 0.07892165469073935 0.10480805014311158 0.08090934570282887
0.6454121993841689 0.172436701651137 0.06977542784494446 0.11237567111974964
0.6193699234404219 0.16076996720702302 0.13369580126245142 0.08616430809010363
0.6158238617773955 0.10909786149038181 0.19384200598586634 0.08123627074635646
0.6109977212447716 0.1220333081689202 0.09480440412057764 0.17216456646573056
0.5567225399576757 0.2508305587354417 0.0960273064403264 0.09641959486655614
0.5603977332857797 0.1754697711308812 0.10082977716358553 0.1633027184197537
0.605404799791338 0.16072191972451635 0.09307931565809614 0.14079396482604956
0.5957634121780038 0.08738067920087719 0.1035995379463161 0.21325637067480294
0.6714062509369185 0.1385582932376019 0.08396545091637499 0.10607000490910451
0.700513280126751 0.07833959868469181 0.1339122479009268 0.08723487328763035
0.5604045464999717 0.18966049138230653 0.178226129427929 0.07170883268979272
0.7052604051100603 0.13218509819175114 0.08761362597438037 0.0749408707238081
0.6399974813859204 0.1477890960662549 0.1578535617349443 0.05435986081288031
0.5886986844356799 0.15387978160528853 0.15597232151775042 0.10144921244128112
0.6000875526503754 0.08760905206644114 0.17287125930922037 0.1394321359739631
0.6786961915717041 0.1235412718879819 0.11823493227206255 0.07952760426825137
0.5930072242041332 0.166604598011372 0.12604077373463476 0.11434740404986014
0.6236325718702124 0.08840890642225867 0.13274328826142343 0.1552152334461056
0.49781128508693834 0.19213394853950086 0.1641596829151197 0.14589508345844096
0.606032438434184 0.16329733926795603 0.09920368409498327 0.13146653820287676
0.6447633952045263 0.10731560681810744 0.12266280650725711 0.12525819147010914
0.5833119606387549 0.11788289696979451 0.1814596008883525 0.11734554150309809
0.6838683775744145 0.1258963526058495 0.1035897502404071 0.0866455195793289
0.6161604054473099 0.08575210076503645 0.11712552163158489 0.18096197215606874
0.6360242148996846 0.1267808636538202 0.12053668837782888 0.11665823306866627
0.5908449069620118 0.16164780804207787 0.13861325460769064 0.10889403038821985
0.6566031390100551 0.17667012740703017 0.07697881763276089 0.08974791595015388
0.6069083852337388 0.14870623225844706 0.06339531328580263 0.18099006922201152
0.6417876171089053 0.1612697957979204 0.09491393282387012 0.10202865426930416
0.5973473762712546 0.13088043111923442 0.15614589317053712 0.11562629943897389
0.6134239161856918 0.15379393759873736 0.11216069663428668 0.12062144958128426
0.6601484216857919 0.11539494869896948 0.10601715872159517 0.11843947089364357
0.5352284212732578 0.2043636112398012 0.1441496189563132 0.11625834853062789
0.7228671298474928 0.11009352072272283 0.07138395915428004 0.09565539027550428
0.6059871307801973 0.11491929003170878 0.11293234537636769 0.1661612338117263
0.6830555628595082 0.12867806238469273 0.08742331190135536 0.10084306285444372
0.5179114423958995 0.09258368656239432 0.2293935029574631 0.16011136808424306
0.5714141958928118 0.07180007577510329 0.20851328948170872 0.148272438850376
0.6673971743827993 0.11675006849772823 0.10262112283779995 0.11323163428167247
0.7040735404910854 0.10786332550155533 0.08027895727059473 0.10778417673676453
0.6461170863059595 0.0971485032454552 0.18653506921642488 0.07019934123216032
0.5439854820016478 0.1357471659157058 0.2226780101755573 0.09758934190708916
0.6937635724453799 0.12747503290467307 0.10791439271805724 0.07084700193188993
0.5520151894248103 0.13353604450282477 0.13177435712889332 0.1826744089434716
0.5953244016002802 0.10383257147871301 0.11999702445377429 0.18084600246723256
0.6693109299883737 0.10141092529441109 0.10295778588776153 0.12632035882945375
0.5715608303168889 0.12919476626997514 0.13668074990220683 0.16256365351092916
0.732965665626281 0.1485343094728042 0.05219886628249572 0.06630115861841912
0.6033724230967992 0.0938468483456976 0.20294699840856123 0.09983373014894198
0.5519657987971341 0.19821377871282422 0.16444521389206465 0.0853752085979769
0.5941592048083574 0.16820412014215474 0.12193668770756953 0.11569998734191843
0.5387732904076388 0.13382574438351855 0.1405518424311646 0.18684912277767807
0.6907279805706684 0.11169435582317619 0.10608906981317247 0.09148859379298284
0.6410249673987894 0.09967055818865377 0.13904680695285945 0.1202576674596973
0.5396949502674355 0.12852835806218516 0.1407357829749334 0.19104090869544602
0.708629111807274 0.09009000674151312 0.10450208290516187 0.09677879854605098
0.6446950823707244 0.17015211012872863 0.07397600380006854 0.11117680370047854
0.6426972699050645 0.14722851461701608 0.07418868389056539 0.13588553158735414
0.5677309986487393 0.21083244096176587 0.10086966371028208 0.1205668966792127
0.6506756657098187 0.12700026715566815 0.12956223249933468 0.09276183463517834
0.6763025186197733 0.12910736235745962 0.07596358794822737 0.1186265310745397
0.6536063835049966 0.08295078101366006 0.16085853086443286 0.10258430461691058
0.594223857509511 0.19303554538945333 0.09760162193425392 0.11513897516678172
0.6620978520015242 0.09213465639435332 0.12968198341919773 0.11608550818492495
0.6093467082944732 0.09851403008179468 0.18676581566091258 0.10537344596281938
0.6261407331222771 0.1413909013441075 0.09837868343071235 0.134089682102903
0.5385633885801993 0.15871586162289278 0.1385204259445651 0.16420032385234265
0.5705390832677385 0.08642924876836594 0.10679354472661488 0.2362381232372807
0.6825405385805328 0.05955176588355751 0.07615762346252355 0.18175007207338623
0.6201113598251138 0.11174800657476243 0.13847607633562942 0.12966455726449436
0.6385554299235505 0.12687176883952522 0.13818067011289434 0.09639213112403006
0.523030725865716 0.17497991593414003 0.14899994583327691 0.15298941236686703
0.6205531300829531 0.10764025094092702 0.1504031196010643 0.12140349937505558
0.6148584758425389 0.16770146376140174 0.10701954839972273 0.11042051199633643
0.6461454001317887 0.08422828652500608 0.12423495824467613 0.1453913550985293
0.6379146591419097 0.1062620750964788 0.15663049069378243 0.09919277506782909
0.6175454730929335 0.10067969639922782 0.16652264419036047 0.11525218631747816
0.6790537833909914 0.12345470674383352 0.10229440411420827 0.09519710575096695
0.6066197180638156 0.10988295683616953 0.10721785538140467 0.17627946971861022
0.5071662826702031 0.06510153947539832 0.24258644913218183 0.18514572872221666
0.683552633205418 0.17344119113202336 0.08724366443446006 0.055762511228098624
0.6276603296524021 0.15573149859966468 0.1166755764372142 0.09993259531071905
0.6149085260639477 0.10854178671489792 0.1461613017277601 0.1303883854933941
0.6123072570880258 0.15292338643273568 0.1489773134711695 0.08579204300806888
0.6065800407197514 0.11908192550333516 0.12489174824242925 0.1494462855344842
0.6031602572134409 0.08336545729497213 0.188846236013613 0.12462804947797414
0.5114875570855234 0.13526754457401088 0.13993503666306312 0.21330986167740254
0.6528368175780528 0.12863492289617237 0.1249984832984224 0.09352977622735227
0.6907916122039781 0.09246410785222196 0.14362543931178978 0.07311884063201025
0.6112644632658708 0.11651086258935842 0.18016274266769366 0.09206193147707692
0.6978700519851241 0.10356684980127515 0.09501462770166555 0.10354847051193519
0.6906600384089752 0.10903308058390916 0.1360320140648285 0.06427486694228725
0.7191022809110612 0.11569911056047046 0.06592227526765557 0.09927633326081275
0.5938536125425975 0.17112534703521662 0.08561750373041982 0.14940353669176598
0.5013754108094249 0.12436636062328763 0.16976786303484723 0.20449036553244002
0.6426719127361371 0.12296108579209453 0.1031246413216819 0.13124236015008636
0.6315959102167366 0.07369958591603545 0.149626733206211 0.14507777066101687
0.7578972795441415 0.09903531482693603 0.062374399488701195 0.08069300614022129
0.6451499276558473 0.1358060173458673 0.09154513141086762 0.12749892358741796
0.6107430108620642 0.13314297691084845 0.12293672751764617 0.13317728470944112
0.6773745645106238 0.08802067078506531 0.15302610253344 0.0815786621708709
0.7163034199378842 0.12581129460895282 0.0905677853896791 0.06731750006348397
0.5859641762746768 0.09425083135212808 0.09937453638154879 0.22041045599164644
0.6207940344710968 0.1585343245703912 0.08859824799089432 0.13207339296761766
0.5973512383246097 0.16798099655399612 0.13851589730926012 0.09615186781213404
0.5933496978305677 0.06701867042560682 0.20741258601058118 0.1322190457332442
0.563291662882557 0.16244754892677654 0.1636142200690646 0.110646568121602
0.6642953103443408 0.1199398349184066 0.12839176705877448 0.08737308767847815
0.6049046319227218 0.1344616781887242 0.10815176447037268 0.15248192541818126
0.661982828950868 0.07557925970259922 0.09468459028048173 0.16775332106605104
0.6807140721688034 0.14357126424657327 0.06247225881870455 0.1132424047659188
0.5373647342306592 0.23372481390436115 0.15339213099329946 0.07551832087168023
0.5942395561463701 0.14042448271628694 0.10260493550879383 0.16273102562854913
0.6635564810516965 0.10135661191672843 0.08623650654638247 0.14885040048519255
0.6035599082755759 0.11208345696211003 0.16433031323469113 0.12002632152762299
0.7042722978378089 0.08226515049234677 0.10222816343541236 0.11123438823443206
0.600426178015666 0.18598701149945504 0.0887819900827437 0.12480482040213525
0.5925307151074662 0.0964287442079372 0.23296745239873204 0.07807308828586448
0.6198175718554592 0.15400690498423183 0.05479240077074831 0.17138312238956066
0.550724809564433 0.1167329046154751 0.1423040049464855 0.1902382808736064
0.6744568078407489 0.11719583957432098 0.058532088742166345 0.14981526384276356
0.6704007491260208 0.12258348204773128 0.0865596060119309 0.1204561628143171
0.6401363499964731 0.12951018589259372 0.1175259644383931 0.11282749967253998
0.6748105899023211 0.11046594689795562 0.12875199695063577 0.08597146624908746
0.7026728305479809 0.07042243993121969 0.09121478377028237 0.13568994575051702
0.6013315652126169 0.13068235488489824 0.13925111007617844 0.12873496982630636
0.6133825180269145 0.1764958805189343 0.12580737696926939 0.08431422448488188
0.6859616132165071 0.05474315798870726 0.13486793920082862 0.12442728959395713
0.5825793556586606 0.14248011217844533 0.13450701754717406 0.14043351461572
0.6387049079763452 0.11306119604143573 0.10892786783711436 0.13930602814510476
0.6324280420563928 0.10014628265305969 0.1489650837960319 0.11846059149451552
0.5778729850667874 0.13235786918423384 0.18699628187801193 0.10277286387096679
0.66080035266631 0.07599122806223202 0.0995072873457247 0.16370113192573332
0.6473628109832967 0.09985704080605547 0.13086682185892243 0.12191332635172532
0.6296129218788229 0.09881726705603562 0.09940651704773261 0.17216329401740893
0.658202149936517 0.10580958206416893 0.11882801317344793 0.11716025482586608
0.6124260012497874 0.11051070943296232 0.1793809029938096 0.09768238632344069
0.6858848601460049 0.09779792084804063 0.15323336427425455 0.06308385473169985
0.6192607519960097 0.13911176663744673 0.11759403714947567 0.12403344421706776
0.5838758965538124 0.21012601135362072 0.1273063304058653 0.07869176168670149
0.6000869137363716 0.1927448310759968 0.12319753069462505 0.0839707244930066
0.6847835434383621 0.1288724990005831 0.1151678311056494 0.07117612645540529
0.5633662172328704 0.16286826451020356 0.1802756060247291 0.09348991223219692
0.5805315307729861 0.1705618291535228 0.13293496831535714 0.115971671758134
0.6636727213987935 0.15419378673605413 0.06955201855730127 0.11258147330785113
0.6452618068790934 0.1250423906246332 0.1337906878480536 0.09590511464821976
0.562654342520182 0.0783854014962067 0.22094471404331487 0.13801554194029633
0.5891244556030255 0.15327339744957624 0.11304634541321826 0.14455580153418002
0.6087409860526759 0.13273160899323913 0.11409042420451301 0.14443698074957204
0.5854576292070214 0.14090405103172568 0.11288054372846189 0.1607577760327911
0.6325215739485346 0.12756619522863502 0.15831409908661237 0.08159813173621802
0.4904607407823062 0.17580134654669718 0.10892671405065943 0.22481119862033705
0.6432774414364223 0.151947205432434 0.10597999599836044 0.09879535713278335
0.6154007162705335 0.17166559523340916 0.10083214544454835 0.11210154305150895
0.6598681446915937 0.08827579348167167 0.11621720370005371 0.13563885812668094
0.7265237514792379 0.060407096643650925 0.11162373442919041 0.1014454174479209
0.5824945808390416 0.08822872399410331 0.13877962972090627 0.1904970654459486
0.6521843891004262 0.08463948821221667 0.11639798382955716 0.14677813885780008
0.6429019452114147 0.07266617352926799 0.14760453839894538 0.13682734286037185
0.6601271495416494 0.1250627555321181 0.14552834844693494 0.06928174647929766
0.669591074692744 0.08705960636082517 0.13004642415777792 0.11330289478865281
0.5896811228646262 0.1497047517889153 0.14374380899600595 0.11687031635045259
0.6285348919048399 0.08934467306104653 0.106704486456262 0.17541594857785164
0.5398981700510531 0.14342321740251826 0.16832009513685445 0.14835851740957415
0.6439405438938338 0.13766309169822727 0.12381407998837568 0.09458228441956305
0.5392369541103323 0.23021548838466172 0.09857292342938069 0.1319746340756251
0.583818871822966 0.17137857102617113 0.11234022434305743 0.13246233280780537
0.5981600909190946 0.09724008345370326 0.14265945471546482 0.16194037091173719
0.6467217503154685 0.06358158022629616 0.10328684482095572 0.18640982463727954
0.6148780371313699 0.1470508833949113 0.09967592983960341 0.1383951496341154
0.6335816712156513 0.07832294124406888 0.18990064423530348 0.09819474330497636
0.707169497596325 0.0738115372538591 0.13683976239545817 0.08217920275435768
0.6099517223304041 0.17280154398163283 0.08862065217482118 0.12862608151314173
0.6047908931957656 0.0907084245930824 0.10273213711198348 0.20176854509916856
0.5757889431022556 0.09407701521416498 0.10805016814004724 0.22208387354353223
0.6499548106439077 0.10732411640164627 0.12224747924290898 0.12047359371153696
0.6077514064787066 0.14266596182991526 0.11214826374089838 0.13743436795047978
0.5569706871333611 0.16227975602161257 0.09210094903358639 0.18864860781143994
0.6701535224007351 0.15995213692642393 0.08193444782152827 0.08795989285131267
0.7050140720494142 0.09642166332140513 0.11675432169956133 0.08180994292961935
0.7119677208917987 0.10621420857969946 0.1250639519453489 0.056754118583152845
0.5579234268513772 0.08430495248076833 0.16926449773202226 0.1885071229358324
0.6271600389652917 0.10936862755048142 0.11067311951824066 0.15279821396598622
0.5098543849832421 0.18907297713605706 0.1416858744832554 0.15938676339744534
0.6852315931379971 0.12073833105052335 0.11250513877894425 0.08152493703253545
0.6682835803916821 0.1040343533868935 0.12339524920415504 0.10428681701726931
0.6257662477104855 0.10957309537696212 0.09235842397083042 0.17230223294172195
0.5501082270087979 0.11349070227674025 0.1788872899535478 0.15751378076091405
0.6941537802799025 0.08266783741608229 0.09226729150670586 0.13091109079730923
0.6746412997610143 0.12370804295722007 0.08731322903722821 0.11433742824453738
0.6870145621594914 0.07626946582846397 0.1647215925880196 0.07199437942402512
0.5682475445080214 0.18627712297729954 0.0745429584523029 0.17093237406237627
0.7032953375911882 0.07825067316199578 0.10902358467795667 0.10943040456885936
0.5776378995692047 0.10419720581223882 0.18869070998038004 0.12947418463817637
0.6246847092694882 0.16011295426357888 0.10096519706589469 0.11423713940103818
0.6786366304431987 0.08877013604678607 0.13170291046535829 0.10089032304465693
0.685092825494156 0.14261984553272533 0.05838059643257319 0.11390673254054551
0.7358322522625377 0.07064664975163579 0.08813335543538554 0.10538774255044085
0.6824965910883076 0.12924341711555445 0.06146626350700863 0.12679372828912938
0.5801118759507784 0.11489843477723616 0.1359016828072234 0.1690880064647621
0.6535970368364012 0.08421394702711363 0.15493016587870587 0.1072588502577793
0.46614410513645166 0.16560146739493897 0.21433762804148998 0.1539167994271194
0.6725386548878335 0.17591086431448352 0.047042773030299294 0.10450770776738362
0.6780242611295311 0.09754897923906596 0.07917708353558613 0.14524967609581693
0.6042010844022058 0.16897394197226207 0.06563618606043775 0.1611887875650943
0.6408165096691895 0.17645173982761134 0.07434127374849725 0.1083904767547018
0.6389159882846487 0.04616309218483184 0.14304569109177626 0.1718752284387432
0.54084746729722 0.15066784058414417 0.15978580309165002 0.14869888902698575
0.5663387115931103 0.09866369468023369 0.1803132430377909 0.15468435068886513
0.5429354022777857 0.12185377111966993 0.15849447987797963 0.17671634672456474
0.6109311853331468 0.10585011481035506 0.13328919148988738 0.1499295083666107
0.6006372317797427 0.11181864343206079 0.1325686398261424 0.15497548496205413
0.6111545292761534 0.14219187199971356 0.11775276665479756 0.1289008320693356
0.6499290160182845 0.12143062840252151 0.12650987069749284 0.10213048488170137
0.5916633955171549 0.2091698162111768 0.1005431533125042 0.0986236349591639
0.5674777602017859 0.14141943985989003 0.09818305271274447 0.1929197472255796
0.6252134826471274 0.10108330140501781 0.11749078540740807 0.1562124305404468
0.6758464754922026 0.12415443277128874 0.08425740808024104 0.11574168365626755
0.6224892165404422 0.14825868347714363 0.1852789822639778 0.043973117718436476
0.5813590619881983 0.1321067428459357 0.11051833848265992 0.17601585668320607
0.6327457734057015 0.12917318904763508 0.15557173648155972 0.08250930106510374
0.6259779613449443 0.09528901048381816 0.15226837655734854 0.12646465161388895
0.6336765695433957 0.09263213278276212 0.16475866789725327 0.10893262977658899
0.6206774423695431 0.1497036678737124 0.13369102450067002 0.09592786525607423
0.5963561103173783 0.12691519400187495 0.16493635197646916 0.11179234370427749
0.560585458658117 0.18218918543886062 0.13723760603271695 0.11998774987030536
0.6326130338047193 0.13148682534203865 0.08470055390419294 0.151199586949049
0.5971979569171629 0.10230699800078931 0.14148464855317 0.1590103965288776
0.5786309361661434 0.18071741132572958 0.12936318409349298 0.11128846841463416
0.5901957123582879 0.19630653901063863 0.086816167453561 0.1266815811775125
0.6296506395396577 0.19573774698370025 0.06313620600476257 0.1114754074718795
0.7367819140006945 0.09241057086814765 0.11622697890990165 0.054580536221256415
0.7440148321077775 0.11075445691774384 0.0657087647869559 0.07952194618752272
0.6541077279963089 0.1650966054407401 0.07586021765888878 0.10493544890406216
0.5432924946136951 0.20581535889900326 0.11602956031561544 0.13486258617168626
0.6342933569882323 0.13264863911325395 0.1004509527361896 0.13260705116232402
0.5857113357653213 0.1542318892362729 0.14897423830453813 0.11108253669386758
0.6974484244372879 0.11292045099826259 0.08734207526766068 0.10228904929678888
0.6189543795304708 0.11456183811573806 0.14031254937512186 0.1261712329786693
0.6341962652996953 0.14303662079605967 0.1154147377457233 0.10735237615852168
0.6740859824067829 0.07936990445102915 0.14554551093018991 0.10099860221199801
0.6045017936338145 0.11243619306286531 0.12126328286399643 0.1617987304393238
0.6241028213646569 0.1841699534632442 0.09305673315469119 0.09867049201740768
0.5966007819256542 0.10623733611788107 0.15042619972393045 0.14673568223253428
0.557637496194117 0.11739938284906144 0.18989385372472423 0.13506926723209745
0.7379766594152877 0.11079615583808239 0.0723404912342611 0.07888669351236893
0.4600796397956528 0.25119310334434647 0.15360865428424392 0.1351186025757569
0.5630849542442593 0.12278698284733976 0.14765938071809823 0.1664686821903028
0.49361763697246536 0.14030587356841906 0.15443417849864804 0.2116423109604675
0.5357991990717264 0.13960528645403023 0.13708125740349184 0.18751425707075178
0.5910610729406373 0.23280026924354907 0.07165065468403019 0.10448800313178354
0.5041285457327498 0.14890580548700197 0.20339451081822377 0.1435711379620245
0.7918769747342814 0.08392260420732423 0.04702179431669439 0.07717862674169992
0.6050249361938032 0.11542113486267812 0.10321727502826698 0.17633665391525163
0.6470100943549935 0.07016228318895389 0.12894964346766222 0.15387797898839053
0.5963946905078152 0.0970404088023107 0.13947742580913455 0.16708747488073952
0.5400808601484381 0.09033578033741707 0.17466483182390857 0.19491852769023618
0.6463803691293726 0.11543622769126687 0.1485269595368004 0.08965644364256008
0.6942965826259322 0.09796394675886587 0.0939749449435631 0.11376452567163887
0.6036289427654514 0.166150995663565 0.11796973944510238 0.11225032212588114
0.6628137076881377 0.08612950194018865 0.15739989442269697 0.09365689594897669
0.6672868019597652 0.14294029264338298 0.10134938296644452 0.08842352243040735
0.5873030917494808 0.14047649579721433 0.1515535718068879 0.12066684064641688
0.6340049412158091 0.09778289755523796 0.1155531485483471 0.15265901268060586
0.6325792628155226 0.15476329227068197 0.10657017399736596 0.1060872709164295
0.7027072405846533 0.11203892180067694 0.08380570981537801 0.10144812779929172
0.6673059732104074 0.14356961778568292 0.0987825844305079 0.0903418245734019
0.569803054218258 0.17211308703049413 0.15981170691005653 0.09827215184119117
0.7117302865348891 0.10260108709509026 0.10854996196512069 0.07711866440489984
0.6553650130521209 0.0819122292440229 0.13061557477126876 0.13210718293258736
0.7090850455400769 0.114349885616068 0.07538205666669012 0.10118301217716484
0.5959786856268614 0.15453607872716496 0.14519825588412083 0.10428697976185286
0.5795154028514772 0.11195092900560435 0.1617596453204854 0.1467740228224331
0.649764651714125 0.13364296349941812 0.12052241883613435 0.09606996595032229
0.5267254199814365 0.19150102361804597 0.14526472357999412 0.1365088328205234
0.6987554016264519 0.0573919464051278 0.08855915995282897 0.15529349201559134
0.6375212467065513 0.13905581689530533 0.14264811137428357 0.08077482502385976
0.6431893673721086 0.15336547586370664 0.10785867473412228 0.09558648203006248
0.6163386687535511 0.12422982708760304 0.13428627992775666 0.12514522423108915
0.64338096704366 0.1564524609589571 0.11943348781961473 0.08073308417776816
0.5685766280708837 0.19160382255663386 0.1237135237956262 0.11610602557685624
0.6918751307816613 0.09829002569464824 0.09203316162784435 0.11780168189584608
0.5307037702223195 0.13833109566797858 0.2357571795192521 0.09520795459044991
0.5842157672534215 0.09636865867809709 0.12128537233274357 0.1981302017357379
